170119 1210  600          062202                              1211 00426 9
170119 1210                 1235         9            989141306623 00000 E
170119 1211                 1235  600    9            989245158777 00047 7
170119 1211  600            4301  608    8                 8054009 00255 9
170119 1212                 1238  600    9            989144367041 00027 7
170119 1212  600            4239  608    8                 8031550 00154 9
170119 1212  600            4062  608    8                 8011115 00017 9
170119 1212                 1710  600                         4407 00007 7
170119 1214                 1235  600    9            989144734071 00201 7
170119 1215  608         8062845  600                         4194 00124 9
170119 1215                 1618  608    8                 8051428 00148 7
170119 1215                 1238  600    9            989144936165 00101 7
170119 1216                 1618  608    8                 8051428 00023 7
170119 1216                 1235  600    9            989243720369 00013 7
170119 1217                 1235  600    9            989144393177 00036 7
170119 1218                 1235  600    9            989148006786 00051 7
170119 1218  608         8051611  600                         4111 00320 9
170119 1219                 1444  600                         4242 00043 7
170119 1219                 1237  600    9            989244750708 00021 7
170119 1220                 1235         9            989144453649 00000 E
170119 1220  600            4407                              1191 00032 9
170119 1220                 1710  600    9                 9351000 00051 7
170119 1221                 1237  600    9            989245706669 00000 7
170119 1222                 1237  600    9            989243899256 00051 7
170119 1223                 1235  600    9            989144474224 00127 7
170119 1223  600            4262                              1211 01217 9
170119 1224                 1237  600    9            989148075046 00023 7
170119 1224                 1236  600    9            989145155254 00114 7
170119 1225                 1238  600    9            989141391898 00052 7
170119 1226  608           81939  600                         4526 00053 9
170119 1226  600            4228  608    8                 8031563 00144 9
170119 1227                 1236  600    9            989144446531 00050 7
170119 1228                 1235  600    9            989144940000 00311 7
170119 1228                 1238  600    9            989141204916 00035 7
170119 1230                 1235         9            989141257524 00000 E
170119 1230  603             603                              1112 00015 9
170119 1231                 1237  600    9            989144999019 00624 7
170119 1231                 1199         8                 8062008 00000 E
170119 1232  608         8063531  600                         4194 00054 9
170119 1232                 1235  600    9            989144727404 00223 7
170119 1233                 1235         9            989145047754 00000 E
170119 1233                  600         8                 8062010 00000 E
170119 1233                 1237  600    9            989144923930 00018 7
170119 1234                 1235  600    9            989144580013 00037 7
170119 1235                 1235  600    9            989141335636 00056 7
170119 1236  600            4507  608    8                 8051133 00024 9
170119 1236                 1237  600    9            989145092579 00030 7
170119 1237                 1235  600    9            989145212907 00110 7
170119 1238  608         8031563  600                         4228 00027 9
170119 1240                 1235  600    9            989144717665 00045 7
170119 1240                 1237  600    9            989144999019 00019 7
170119 1241                 1238  600    9            989141200577 00036 7
170119 1241  600            4555                              1191 00100 9
170119 1242                 1235  600    9            989144572875 00057 7
170119 1242  600         9335835  608    8                 8011760 00501 9
170119 1243                 1616  608    8                 8062730 00150 7
170119 1243                 1616  608    8                 8062730 00021 7
170119 1243                 1515         9                 9302255 00000 E
170119 1244                 1191  600                         4555 00001 7
170119 1244                 1238  600    9            989144794004 00043 7
170119 1245                 1237  600    9            989144355005 00013 7
170119 1245                 1515  600    9            983022557703 00036 7
170119 1245  600            4555                              1191 00033 9
170119 1246                 1235  600    9            989243722614 00138 7
170119 1246                 1238  600    9            989644707608 00018 7
170119 1247                 1237  600    9            989145096640 00031 7
170119 1247                 1191  600                         4555 00044 7
170119 1248                 1235         9            989965142118 00000 E
170119 1249                 1235         9            989144393537 00000 E
170119 1250                 1235         9            989143661191 00000 E
170119 1252                 1239  600    9            989144542761 00035 7
170119 1252                 1237  600    9            989144685555 00023 7
170119 1253                 1235         9            989145184242 00000 E
170119 1253                 1191  600                         4555 00324 7
170119 1254                 1237  600    9            989145022292 00022 7
170119 1254                 1235  600    9            989148056373 00030 7
170119 1255                 1238  600    9            989143515022 00316 7
170119 1258                 1235  600    9            989145020200 00321 7
170119 1300                 1238  600    9            989145134756 00036 7
